8 7 6 5 4 3 2 1  
8 7 6 5 4 3 2   1
8 7 6 5   3 2 4 1
8 7 6 5 3   2 4 1
8 7 6 5 3 1 2 4  
8 7 6 5 3 1 2   4
8 7 6 5 3 1   2 4
8 7 6   3 1 5 2 4
  7 6 8 3 1 5 2 4
7   6 8 3 1 5 2 4
7 3 6 8   1 5 2 4
7 3 6 8 1   5 2 4
7 3   8 1 6 5 2 4
7   3 8 1 6 5 2 4
7 1 3 8   6 5 2 4
7 1 3 8 2 6 5   4
7 1 3 8 2 6   5 4
7 1 3   2 6 8 5 4
  1 3 7 2 6 8 5 4
1   3 7 2 6 8 5 4
1 2 3 7   6 8 5 4
1 2 3 7 5 6 8   4
1 2 3 7 5 6 8 4  
1 2 3 7 5   8 4 6
1 2 3 7   5 8 4 6
1 2 3 7 4 5 8   6
1 2 3 7 4 5   8 6
1 2 3   4 5 7 8 6
1 2 3 4   5 7 8 6
1 2 3 4 5   7 8 6
1 2 3 4 5 6 7 8  

###### Nodes expanded
18030
## Nodes unexpanded
8235
